[?25l[39m [38;2;0;0;0m                        [38;2;78;75;64m_[38;2;29;30;22m.[38;2;31;31;22m.                           [39m
 [38;2;0;0;0m                     [38;2;70;67;57m_[38;2;30;31;23m.[38;2;164;113;73m_[38;2;133;93;60mg[38;2;157;109;70m$[38;2;169;117;75mg[38;2;130;93;61my[38;2;58;46;32m;[38;2;27;27;20m.                        [39m
 [38;2;0;0;0m                   [38;2;30;30;22m.[38;2;80;63;44mj[38;2;125;88;58mg[38;2;145;101;65m@[38;2;143;100;65m@[38;2;144;101;65m@[38;2;171;118;76m@@[38;2;170;118;76m@[38;2;151;105;68m@[38;2;160;111;71ma[38;2;121;87;57my[38;2;68;67;57m;[38;2;61;59;49m,                     [39m
 [38;2;0;0;0m                [38;2;45;43;36m.[38;2;92;67;44m_[38;2;137;97;63my[38;2;130;92;60m@[38;2;153;107;69m@[38;2;136;95;62mB[38;2;170;117;75mg[38;2;166;115;74m@[38;2;137;96;62m@[38;2;171;118;76m@[38;2;170;117;75m@@[38;2;130;92;60m@[38;2;160;111;72m@[38;2;125;89;58m@[38;2;162;113;73m@[38;2;149;104;68mg[38;2;95;78;59mJ[38;2;70;68;60m-[38;2;76;75;64m,              [38;2;56;55;45m;[38;2;73;70;60m)  [39m
 [38;2;0;0;0m             [38;2;118;113;102m,[38;2;70;68;59m+[38;2;125;90;59my[38;2;166;115;74mg[38;2;150;104;67m@[38;2;139;98;64m@[38;2;163;112;72m@[38;2;122;87;57m$[38;2;171;118;76m@@[38;2;131;93;61mM[38;2;171;118;76m@[38;2;170;118;76m@[38;2;171;119;77m@@[38;2;169;117;76m@[38;2;143;100;64mM[38;2;171;118;76m@[38;2;150;106;69m@[38;2;133;94;61mB[38;2;158;110;71m@[38;2;146;102;66m@[38;2;132;94;62mg[38;2;138;96;62m_[38;2;67;65;57mx [38;2;77;75;67m          [38;2;73;70;60mX[38;2;156;144;121mg[38;2;29;31;23m:  [39m
 [38;2;0;0;0m           [38;2;28;28;21m.[38;2;116;82;54m_[38;2;133;94;62mg[38;2;165;114;73m@[38;2;149;104;67m@[38;2;131;93;61m@[38;2;169;116;75m@[38;2;144;100;65mR[38;2;157;109;70mg[38;2;170;117;75m@[38;2;170;118;76m@[38;2;142;99;64m@[38;2;160;110;71m@[38;2;143;100;65m@[38;2;170;118;75m@[38;2;170;118;76m@[38;2;171;119;77m@[38;2;170;117;75m@[38;2;171;118;76m@[38;2;129;92;60m$[38;2;170;118;76m@[38;2;171;118;77m@[38;2;148;103;67m$[38;2;142;99;64m@[38;2;150;105;68m@[38;2;146;102;66m$[38;2;155;108;69m$[38;2;131;94;62my[38;2;54;52;43m;[38;2;90;86;75m,       [38;2;124;118;103m,[38;2;93;91;75mg[38;2;201;185;157m@[38;2;35;36;26m`  [39m
 [38;2;0;0;0m         [38;2;31;32;23m.[38;2;114;83;54my[38;2;164;113;73mg[38;2;169;116;75m@[38;2;170;117;75m@[38;2;162;112;72m@[38;2;168;116;75m@[38;2;142;100;65m@[38;2;145;101;66mR[38;2;146;102;66mA[38;2;141;100;65m#[38;2;137;97;63m#[38;2;131;93;60m#[38;2;130;92;60m#[38;2;132;93;61m#[38;2;138;96;62mP[38;2;131;93;60m#[38;2;129;91;59m#[38;2;132;93;60m#[38;2;129;91;59m#[38;2;134;96;62m#[38;2;140;98;64m#[38;2;142;100;65m#[38;2;147;103;67mR[38;2;151;106;68mR[38;2;158;110;71mR[38;2;162;112;73m@[38;2;172;118;76m@[38;2;159;110;71m@[38;2;170;118;76m@[38;2;171;118;76m@[38;2;130;93;62mg[38;2;88;65;43m_[38;2;31;30;20m.     [38;2;84;83;68my[38;2;160;151;129m@[38;2;166;153;130mE[38;2;101;97;84m/  [39m
 [38;2;0;0;0m       [38;2;31;31;24m.[38;2;119;115;102m`[38;2;114;82;54m4[38;2;115;83;55mF[38;2;171;118;76m~[38;2;112;80;53m~[38;2;112;78;51m`[38;2;34;35;25m`[38;2;47;40;28m:[38;2;33;34;25m:[38;2;34;35;26m:[38;2;33;34;24m'[38;2;32;33;24m`[38;2;73;61;46mg[38;2;89;72;54mg[38;2;82;67;50m$[38;2;85;69;52m$[38;2;86;70;53m$[38;2;85;70;52m$[38;2;86;70;53m$$[38;2;85;70;53m$[38;2;83;68;51m$[38;2;90;72;55mg[38;2;92;74;57mg[38;2;87;70;53ma[38;2;31;32;24m:[38;2;47;42;31m:[38;2;35;36;26m:[38;2;34;35;25m:[38;2;33;33;24m'[38;2;92;66;43m`[38;2;102;75;49m"[38;2;113;82;54m7[38;2;126;91;60m7[38;2;92;68;45m\[38;2;32;33;25m:[38;2;71;68;59m,  [38;2;85;84;69m_[38;2;147;139;118m@[38;2;181;166;141m@[38;2;112;107;91m;   [39m
 [38;2;0;0;0m       [38;2;85;81;69m<[38;2;74;71;59m_[38;2;56;46;32m:[38;2;58;47;33m:[38;2;79;57;38m:[38;2;77;56;39m:[38;2;67;51;34m'[38;2;81;59;41m;[38;2;38;38;28m:[38;2;33;34;25m'[38;2;32;34;25m`[38;2;33;34;25m:[38;2;92;82;67my[38;2;154;137;116m@[38;2;191;174;150m@[38;2;203;188;163m$[38;2;182;169;147mg[38;2;150;141;123my[38;2;75;63;47m?[38;2;90;73;56m@[38;2;90;73;55m@@@[38;2;86;70;53mE[38;2;66;57;42mz[38;2;86;70;53mg[38;2;81;67;51mL[38;2;81;59;41m'[38;2;58;47;33m:[38;2;57;45;31m:[38;2;65;49;33m:[38;2;79;58;39m`[38;2;78;57;40m:[38;2;78;57;38m'[38;2;73;56;39m'[38;2;35;35;26m`[38;2;72;70;60m:[38;2;68;64;53m' [38;2;63;62;53m^[38;2;140;133;113m@[38;2;187;172;146m@[38;2;81;79;67mv    [39m
 [38;2;0;0;0m         [38;2;68;65;54m~ [38;2;113;107;94m-[38;2;65;49;34m`[38;2;78;76;65m:[38;2;59;55;44m:[38;2;35;36;26m'[38;2;36;36;27m:[38;2;36;37;27m:[38;2;32;34;25m:[38;2;208;192;168m$[38;2;220;203;177m@[38;2;221;203;178m@[38;2;220;203;178m@[38;2;160;148;129m@[38;2;34;35;25m`[38;2;206;191;168m@[38;2;91;74;56m@[38;2;77;64;48mR[38;2;81;66;48mT[38;2;69;58;44mT[38;2;81;66;50m=[38;2;33;35;25m`[38;2;150;136;116m$[38;2;166;151;129m@[38;2;31;32;24m'[38;2;56;55;46m;[38;2;81;60;41m`[38;2;80;59;40m`[38;2;52;42;30m`  [38;2;70;68;56m~[38;2;109;105;92m`  [38;2;89;87;72m_[38;2;137;132;111m@[38;2;188;173;147m@[38;2;85;81;66m"     [39m
 [38;2;0;0;0m              [38;2;68;66;55mL[38;2;32;34;25m`[38;2;37;38;27m:[38;2;37;38;28m:[38;2;33;34;24m:[38;2;219;203;179m@[38;2;221;204;178m@[38;2;220;203;177m@[38;2;221;203;178m@@[38;2;188;174;152m$[38;2;191;178;156m@[38;2;119;86;49my[38;2;184;127;69mg[38;2;154;107;59m@[38;2;188;130;71m@[38;2;182;126;69m@[38;2;148;104;58mg[38;2;131;119;99mM[38;2;207;191;167m@[38;2;33;34;24m:         [38;2;79;77;63my[38;2;139;134;114m@[38;2;186;172;146m@[38;2;71;67;54m^      [39m
 [38;2;0;0;0m              [38;2;34;35;25m'[38;2;33;34;25m`[38;2;36;37;26m:[38;2;36;36;26m'[38;2;38;38;30m:[38;2;199;184;161m@[38;2;220;202;177m@[38;2;220;203;177m@[38;2;221;203;178m@@[38;2;221;204;178m@[38;2;184;171;149m$[38;2;136;128;110my[38;2;90;62;36ms[38;2;132;83;45ma[38;2;127;81;44ma[38;2;117;76;41m+[38;2;118;102;79my[38;2;136;119;96m@[38;2;176;163;142mg[38;2;31;32;24m`        [38;2;88;86;71my[38;2;143;137;116m@[38;2;184;170;144m@[38;2;90;84;69m"       [39m
 [38;2;0;0;0m             [38;2;77;74;63m![38;2;64;74;63m4[38;2;77;90;77m@[38;2;72;84;72mg[38;2;72;85;73m_[38;2;35;37;28m:[38;2;166;155;135m4[38;2;221;203;178m@[38;2;220;203;177m@@[38;2;221;203;178m@[38;2;220;203;177m@@[38;2;221;203;177m@[38;2;210;192;166m@[38;2;190;167;138mg[38;2;169;143;111mg[38;2;168;142;110m@[38;2;181;157;127m@[38;2;220;202;177m@[38;2;219;202;176m@[38;2;33;34;25m:[38;2;87;83;72mk     [38;2;153;146;129m,[38;2;84;83;69mg[38;2;146;139;118m@[38;2;182;167;141m@[38;2;76;74;62m;        [39m
 [38;2;0;0;0m            [38;2;31;33;23m:[38;2;60;69;59mg[38;2;70;81;70mg[38;2;64;74;63my[38;2;65;75;64m5[38;2;77;90;78m@[38;2;73;85;74m$[38;2;58;66;56my[38;2;142;134;116m5[38;2;220;203;178m@@[38;2;221;203;178m@[38;2;220;203;177m@@@[38;2;221;203;178m@[38;2;220;202;177m@[38;2;220;203;177m@[38;2;221;204;178m@[38;2;220;203;177m@[38;2;221;203;178m@[38;2;168;156;136m@[38;2;62;71;60my[38;2;32;34;25m'[38;2;94;91;79m>   [38;2;110;106;93m,[38;2;92;90;74mg[38;2;153;145;123m@[38;2;175;161;136m@[38;2;123;118;103m;         [39m
 [38;2;0;0;0m           [38;2;65;64;54m![38;2;74;87;75mg[38;2;76;90;77m@[38;2;77;90;77m@[38;2;78;91;79m@[38;2;77;91;79m@[38;2;66;77;66mg[38;2;66;77;67mM[38;2;77;91;79m@[38;2;73;85;73m$[38;2;58;67;57my[38;2;149;140;121mM[38;2;220;203;178m@@[38;2;220;203;177m@[38;2;221;204;178m@[38;2;220;202;177m@[38;2;221;203;178m@[38;2;220;203;177m@@[38;2;220;203;178m@[38;2;208;192;168m@[38;2;54;60;50m_[38;2;76;89;77m@[38;2;53;60;50mM[38;2;55;63;53m%[38;2;86;84;73m} [38;2;29;29;21m.[38;2;101;99;82mg[38;2;161;152;129m@[38;2;159;146;124m@[38;2;79;77;67m}          [39m
 [38;2;0;0;0m          [38;2;98;94;82m/[38;2;71;82;70mg[38;2;77;90;78m@[38;2;77;90;77m@[38;2;77;91;78m@@[38;2;78;91;79m@[38;2;76;89;77m@[38;2;77;89;78m@[38;2;70;81;70mg[38;2;65;75;64mM[38;2;77;90;78m@[38;2;72;84;73m$[38;2;56;64;54my[38;2;158;148;129mM[38;2;221;204;178m@[38;2;220;203;178m@[38;2;220;203;177m@[38;2;220;203;178m@[38;2;221;203;178m@[38;2;220;203;178m@[38;2;214;198;173m@[38;2;117;111;96m^[38;2;73;86;74m$[38;2;69;80;69m@[38;2;68;79;68ml[38;2;52;58;48m&[38;2;59;68;57mK[38;2;107;104;90m^[38;2;107;105;88mg[38;2;169;158;134m@[38;2;153;142;119mB[38;2;67;65;54m/           [39m
 [38;2;0;0;0m         [38;2;173;166;148m,[38;2;61;70;59mg[38;2;77;90;77m@[38;2;78;91;78m@[38;2;77;91;78m@[38;2;78;91;79m@[38;2;77;91;78m@[38;2;77;90;78m@[38;2;65;76;65mM[38;2;77;90;78m@[38;2;77;91;78m@[38;2;78;91;79m@[38;2;65;75;65mg[38;2;66;76;65mM[38;2;77;90;78m@[38;2;70;82;70m$[38;2;69;81;70m_[38;2;171;159;139mR[38;2;220;203;177m@@[38;2;221;203;178m@[38;2;217;200;175m@[38;2;126;117;101m~[38;2;76;88;77mg[38;2;75;88;76m@[38;2;62;72;61mg[38;2;74;86;75m@[38;2;44;47;39m`[38;2;61;70;60m~[38;2;118;114;97mg[38;2;176;163;139m@[38;2;147;136;114mE[38;2;95;91;80m/            [39m
 [38;2;0;0;0m         [38;2;33;35;26m:[38;2;73;85;74m$[38;2;78;91;79m@[38;2;76;89;77m@[38;2;78;91;78m@[38;2;78;91;79m@[38;2;77;90;78m@@[38;2;63;73;62m$[38;2;64;75;64m#[38;2;65;75;64m@[38;2;77;90;78m@@@[38;2;62;72;61mZ[38;2;67;77;66m$[38;2;77;90;78m@[38;2;70;81;70mg[38;2;152;144;125m~[38;2;186;172;150m@[38;2;212;195;171m@[38;2;126;118;101m~[38;2;76;89;77mg[38;2;76;90;78m@[38;2;64;73;63my[38;2;76;89;77m@@[38;2;33;35;26m:[38;2;142;136;116mg[38;2;186;172;146m@[38;2;143;132;110mF[38;2;39;43;34m;             [39m
 [38;2;0;0;0m        [38;2;150;144;127m,[38;2;60;68;58mJ[38;2;68;78;67mR[38;2;77;90;78m@@@@@@[38;2;78;91;79m@[38;2;56;64;53mL[38;2;64;73;63mT[38;2;71;83;72m$[38;2;77;90;78m@[38;2;78;91;79m@@[38;2;71;84;72m@[38;2;65;75;64m7[38;2;75;88;76m@[38;2;77;90;78m@[38;2;60;68;58mw[38;2;58;66;56m_[38;2;73;85;73m$[38;2;76;89;78m@[38;2;63;73;62my[38;2;56;65;54m^[38;2;75;62;47m_[38;2;78;76;62m_[38;2;137;131;111m@[38;2;190;175;149m@[38;2;137;127;106m~[38;2;62;72;62m_[38;2;58;66;56m@[38;2;40;45;35m;            [39m
 [38;2;0;0;0m        [38;2;35;36;25m'[38;2;62;71;60m0[38;2;62;72;61m$[38;2;76;89;77m@[38;2;77;90;78m@[38;2;77;91;78m@@[38;2;77;90;78m@[38;2;76;89;77m@[38;2;78;91;78m@[38;2;77;91;78m@[38;2;41;46;36m;[38;2;59;68;58m$[38;2;69;80;70m@[38;2;78;92;80m@@[38;2;77;91;78m@[38;2;77;90;78m@[38;2;66;77;66mg[38;2;66;77;65mF[38;2;58;66;56mg[38;2;77;90;78m@[38;2;74;86;74m@[38;2;60;68;58mg[38;2;72;84;73m@[38;2;59;68;58m\[38;2;71;59;44m7[38;2;80;65;50ma[38;2;114;102;83mZ[38;2;86;69;52m_[38;2;51;58;49m~[38;2;57;65;55mR[38;2;62;72;61m#[38;2;61;71;61m1[38;2;79;77;66mj           [39m
 [38;2;0;0;0m        [38;2;35;36;26m:[38;2;62;71;60mg[38;2;61;71;60m9[38;2;67;78;67m@[38;2;77;91;78m@[38;2;78;91;79m@[38;2;77;90;78m@[38;2;77;91;78m@[38;2;77;90;78m@@@[38;2;70;81;70m@[38;2;50;57;48m^[38;2;62;72;61m@[38;2;62;72;62m@[38;2;68;79;68m@[38;2;75;88;76m@[38;2;74;87;75m@[38;2;68;79;68m~[38;2;71;82;71mg[38;2;77;90;78m@[38;2;74;86;75mP[38;2;66;76;65mg[38;2;71;82;71m@[38;2;34;35;26m`':[38;2;36;37;27m:[38;2;75;61;46m~[38;2;69;58;43mT[38;2;34;35;25m::[38;2;57;65;55m5[38;2;62;71;61m@[38;2;69;68;58mu           [39m
 [38;2;0;0;0m        [38;2;52;59;49mg[38;2;62;71;61m$[38;2;57;65;55mW[38;2;62;71;61m$[38;2;71;83;71m0[38;2;77;90;77m@[38;2;77;90;78m@@[38;2;76;89;77m@[38;2;70;81;70m@[38;2;71;83;71mF[38;2;62;72;61mT[38;2;33;35;26m`[38;2;62;71;61m`[38;2;59;53;39ml[38;2;62;72;61m~[38;2;55;59;49mT[38;2;67;52;36m;[38;2;53;60;49m~[38;2;64;72;60mT[38;2;70;83;72m~[38;2;58;54;41mJ[38;2;72;85;74m~[38;2;57;67;56m"[38;2;35;36;26m'[38;2;37;37;28m`[38;2;35;35;26m''[38;2;33;34;25m:[38;2;34;35;26m`[38;2;36;37;27m'[38;2;36;36;27m'[38;2;36;37;28m:[38;2;60;70;59mR[38;2;89;86;75mJ           [39m
 [38;2;0;0;0m       [38;2;171;165;147m|[38;2;56;64;55m+[38;2;61;71;60m@[38;2;62;72;61m$[38;2;62;71;61m$$[38;2;72;84;73m@[38;2;77;89;77m@[38;2;73;85;74mF[38;2;56;65;55m"[38;2;35;36;26m:[38;2;36;37;27m:[38;2;34;35;25m'[38;2;33;34;25m:[38;2;70;53;38m`[38;2;87;63;43m'[38;2;82;59;41m;[38;2;85;61;41m~[38;2;86;62;42m^[38;2;86;62;41m^[38;2;85;61;42m`[38;2;86;62;42m{*[38;2;85;62;43m`[38;2;81;66;50mg[38;2;70;57;43m}[38;2;33;34;25m:`[38;2;33;34;26m:[38;2;32;33;25m'[38;2;36;37;27m`[38;2;33;35;25m`[38;2;61;70;60m_[38;2;35;37;27m'[38;2;55;63;53mF[38;2;162;155;139m'           [39m
 [38;2;0;0;0m       [38;2;189;182;161m|[38;2;63;72;61m`[38;2;61;71;60mM[38;2;62;72;61m@[38;2;61;70;60mR@[38;2;53;60;51mr[38;2;49;55;46m~[38;2;60;70;60m_[38;2;36;37;27m`[38;2;37;38;28m``[38;2;34;35;26m:[38;2;33;35;25m:[38;2;35;36;26m:[38;2;73;54;37m`[38;2;61;70;60m_[38;2;52;59;49my[38;2;84;59;40m`[38;2;51;59;49m;[38;2;53;60;50m;[38;2;75;56;38m"[38;2;80;64;48m_[38;2;78;64;48m@[38;2;72;59;45ms[38;2;56;49;37m~[38;2;57;66;56my[38;2;57;65;56ma[38;2;62;72;61mg[38;2;62;71;61mg[38;2;35;35;26m'[38;2;59;68;58m4[38;2;62;72;62mf[38;2;42;44;35m:[38;2;110;106;93m;            [39m
 [38;2;0;0;0m       [38;2;70;67;59m][38;2;56;64;54m1[38;2;61;71;60mb[38;2;62;71;60mW[38;2;59;68;58m=[38;2;46;51;41m~[38;2;52;59;50mw[38;2;57;65;56mf[38;2;55;63;52m_[38;2;58;67;57mg[38;2;57;65;55my[38;2;61;71;61m_[38;2;34;35;26m:[38;2;34;36;25m`[38;2;34;35;26m':[38;2;70;81;70mB[38;2;66;76;65m@[38;2;32;34;25m`[38;2;73;85;74m@[38;2;63;73;63mK[38;2;69;58;43mz[38;2;69;58;44mTh[38;2;55;62;52mu[38;2;63;73;62m@[38;2;72;84;72m@[38;2;70;81;70m@[38;2;61;71;61m@[38;2;62;71;61mR[38;2;35;36;26m'[38;2;70;68;57m:[38;2;45;50;41m~[38;2;68;67;56m>             [39m
 [38;2;0;0;0m        [38;2;45;49;40m^[38;2;61;70;59m#[38;2;58;65;55m^[38;2;35;36;26m:[38;2;57;66;56m_[38;2;51;57;47mw[38;2;62;71;61mcg[38;2;69;79;68mg[38;2;73;85;74m@[38;2;68;79;68m@[38;2;62;71;61m@[38;2;64;74;63mg[38;2;67;78;67mg[38;2;68;80;68m@[38;2;77;90;77m@[38;2;77;91;79m@[38;2;32;34;25m`[38;2;77;90;78m@[38;2;61;70;60mb[38;2;77;63;47m~[38;2;83;68;51m~[38;2;59;68;58md[38;2;68;80;68m$[38;2;77;90;78m@@[38;2;77;91;79m@[38;2;58;67;57mD[38;2;61;71;60m@[38;2;48;55;45m_[38;2;60;60;52m,[38;2;102;99;86m~              [39m
 [38;2;0;0;0m        [38;2;31;32;24m`[38;2;93;89;78m-[38;2;99;95;83m}[38;2;53;60;50my[38;2;62;72;61m$[38;2;62;71;60m@$[38;2;62;72;61m$[38;2;76;88;77m@[38;2;77;90;78m@@[38;2;59;68;58m@[38;2;77;89;77m@[38;2;78;91;79m@[38;2;76;90;77m@[38;2;77;90;78m@[38;2;77;91;79m@[38;2;33;33;24m:[38;2;76;89;77m$[38;2;77;90;78m@[38;2;63;73;62mW[38;2;68;78;67m@[38;2;74;86;74m@[38;2;77;89;77m@[38;2;78;91;79m@[38;2;77;90;78m@[38;2;77;91;79m@[38;2;71;83;72m@[38;2;60;69;58m#[38;2;59;68;58ms[38;2;81;80;68m]               [39m
 [38;2;0;0;0m          [38;2;86;84;72m^[38;2;61;71;60m#[38;2;62;71;60mA[38;2;62;71;61m$g[38;2;67;78;66mB[38;2;76;89;77m@[38;2;77;90;78m@[38;2;72;83;72m@[38;2;79;92;80m@[38;2;78;91;79m@[38;2;77;90;78m@@@[38;2;66;77;66m@[38;2;84;69;50m;[38;2;69;81;70m$[38;2;76;89;77m@[38;2;61;70;59mw[38;2;77;90;78m@@[38;2;77;91;79m@[38;2;77;90;78m@@@@[38;2;62;72;61m@[38;2;60;69;59mR[38;2;34;35;25m'               [39m
 [38;2;0;0;0m          [38;2;82;79;65m` [38;2;33;35;25m'[38;2;52;59;50m"[38;2;62;71;60m~[38;2;62;72;61mf[38;2;65;75;65m#[38;2;70;81;70mR[38;2;74;86;75m@[38;2;76;90;78m@[38;2;77;91;79m@[38;2;78;91;79m@@[38;2;78;91;78m@[38;2;52;60;49m~[38;2;95;77;56m$[38;2;67;78;67m4[38;2;76;90;78m@[38;2;76;90;77m@[38;2;77;91;78m@[38;2;77;90;78m@[38;2;74;86;75m@[38;2;71;82;71mR[38;2;70;82;70mP[38;2;64;74;63mF[38;2;77;90;78m~[38;2;49;54;47m` [38;2;85;82;71m"               [39m
 [38;2;0;0;0m          [38;2;64;63;55mx[38;2;92;89;77m^[38;2;37;38;28m'[38;2;38;39;29m`[38;2;134;126;110m_[38;2;150;141;122my[38;2;133;126;110mx[38;2;99;70;42my[38;2;90;64;39my[38;2;151;98;55m_[38;2;150;98;56m_[38;2;137;131;114m*[38;2;166;155;135ma[38;2;153;141;120mg[38;2;153;140;120mg[38;2;167;157;137ma[38;2;143;131;111mg[38;2;148;136;116mg[38;2;150;139;118mg[38;2;155;146;128mw[38;2;112;75;43m_[38;2;100;69;41mg[38;2;115;78;45mg[38;2;144;94;53mg[38;2;141;91;51mg[38;2;132;91;52my[38;2;86;62;40mL[38;2;68;66;56m-[38;2;29;29;21m.               [39m
 [38;2;0;0;0m       [38;2;172;146;114m_[38;2;150;128;100my[38;2;164;139;108mg[38;2;170;145;113mg[38;2;167;146;116m@[38;2;168;144;113m@[38;2;171;145;113m@[38;2;138;118;91mM[38;2;103;74;44mg[38;2;137;93;53m$[38;2;162;109;61m@[38;2;173;118;66m@[38;2;163;109;61m@[38;2;156;104;58m@[38;2;135;93;53my[38;2;128;110;85mN[38;2;169;144;111m@[38;2;169;143;111m@[38;2;170;145;113m@[38;2;169;144;112m@[38;2;169;143;111m@[38;2;170;145;113m@[38;2;135;116;90mg[38;2;109;86;61mZ[38;2;105;72;43mF[38;2;124;85;49m#[38;2;153;105;59mR[38;2;149;104;58m@[38;2;138;97;55mM[38;2;158;110;61mR[38;2;131;94;54mR[38;2;113;83;48m^[38;2;137;131;116m`[38;2;151;129;100mg[38;2;155;132;103mg[38;2;143;122;95my[38;2;170;144;112m_          [39m
 [38;2;0;0;0m       [38;2;167;140;109m`[38;2;169;144;112m~[38;2;170;144;112m~[38;2;137;117;92mF[38;2;147;125;97mP[38;2;145;124;97mR[38;2;149;127;99mR[38;2;90;79;62mw[38;2;108;94;72mw[38;2;121;104;80ma[38;2;114;90;62mJ[38;2;136;98;56mT[38;2;117;101;78my[38;2;136;117;90my[38;2;116;93;66mE[38;2;125;108;84my[38;2;159;135;105m@[38;2;169;144;112m@@[38;2;170;144;112m@@[38;2;168;143;111m@[38;2;170;144;112m@[38;2;169;143;111m@[38;2;168;143;111m@[38;2;170;145;112m@[38;2;160;136;105m@[38;2;146;125;97m$[38;2;162;137;106ma[38;2;134;115;90m@[38;2;128;109;85m@[38;2;148;127;99m#[38;2;155;132;103mP[38;2;146;125;97mF[38;2;135;116;90mF[38;2;170;144;112m~[38;2;129;110;86m~          [39m
 [38;2;0;0;0m                                                      [39m
 [38;2;0;0;0m                                                      [39m
[?25h